=430
#1
4960
0.561
0.000219893
0.000220329
93
#2
4970
1.17
0.000219764
0.000220614
93
#3
4970
5.133
0.000218866
0.000221751
93
#4
4890
10.89
0.000218223
0.000223191
93
#5
4950
0.473
0.000218394
0.000218854
80
#6
4960
1.033
0.000218311
0.000219006
80
#7
4970
5.2
0.000217227
0.000220173
80
#8
4890
10.22
0.000216661
0.000221369
80
#9
4970
0.496
0.000218125
0.000218488
87
#10
4970
1.073
0.000219061
0.000219852
87
#11
4970
5.2
0.000218101
0.000221005
87
#12
4840
10.59
0.00021757
0.000222412
87
#13
1980
0.58
0.000225597
0.000226075
93
#14
1979
1.09
0.000227058
0.000227855
93
#15
1980
5.161
0.000225968
0.000229089
93
#16
1990
10.21
0.000225031
0.000230087
93
#17
1990
0.536
0.000225647
0.000225927
80
#18
1990
1.12
0.000225429
0.000226166
80
#19
1990
5.164
0.000224359
0.00022738
80
#20
2010
10.76
0.000223186
0.000228389
80
#21
1990
0.534
0.000226395
0.000226845
87
#22
1990
1.071
0.000226296
0.000227018
87
#23
1990
5.05
0.000225177
0.000228269
87
#24
2010
10.38
0.000224223
0.000229328
87
#25
2010
0.471
0.000226869
0.000227235
90
#26
2010
1.124
0.000226646
0.00022744
90
#27
1990
5.01
0.000225571
0.000228547
90
#28
2030
10.57
0.000224397
0.000229666
90
#29
580
0.484
0.000230511
0.000230934
93
#30
570
1.108
0.000230476
0.000231223
93
#31
550
5.057
0.000229433
0.000232403
93
#32
670
10.02
0.000228055
0.000233284
93
#33
540
0.589
0.00022861
0.000229046
80
#34
540
1.098
0.000228924
0.000229746
80
#35
540
5.044
0.000227894
0.000230985
80
#36
670
10.18
0.000226518
0.000231784
80
#37
550
0.554
0.000229983
0.00023039
87
#38
550
1.057
0.000229819
0.000230657
87
#39
540
4.988
0.000228814
0.000231814
87
#40
630
10.11
0.00022735
0.000232533
87
#41
4891
0.05
0.000219305
0.000219241
93
#42
4991
0.101
0.000219316
0.000219264
93
#43
4991
0.15
0.000219195
0.000219285
93
#44
4991
0.201
0.000219311
0.00021941
93
#45
4991
0.303
0.000219569
0.000219787
93
#46
4991
0.401
0.000219546
0.00021984
93
#47
4991
0.502
0.000219592
0.000219898
93
#48
4991
0.6
0.000219432
0.00021996
93
#49
4991
0.705
0.000219489
0.000220056
93
#50
4991
0.805
0.000219493
0.00022002
93
#51
4991
0.904
0.000219467
0.000220187
93
#52
4991
1.03
0.000219485
0.000220169
93
#53
4991
1.503
0.000219413
0.000220331
93
#54
4991
2.02
0.000219146
0.000220505
93
#55
4991
2.539
0.000219088
0.000220685
93
#56
4991
3.036
0.000218923
0.000220825
93
#57
4991
3.511
0.000218872
0.000220963
93
#58
4991
4.007
0.000218769
0.000221066
93
#59
4991
4.529
0.000218632
0.000221276
93
#60
4991
4.953
0.000218515
0.000221465
93
#61
4991
5.525
0.000218449
0.000221583
93
#62
4991
5.98
0.000218312
0.000221718
93
#63
4991
6.478
0.000218298
0.000221785
93
#64
4991
7.004
0.000218193
0.000221854
93
#65
4991
7.507
0.000218086
0.000222167
93
#66
4891
8.005
0.000218067
0.000222307
93
#67
4891
8.517
0.000217955
0.000222442
93
#68
4891
9.06
0.000217907
0.000222451
93
#69
4891
9.53
0.00021778
0.000222497
93
#70
4891
10.12
0.000217729
0.000222715
93
#71
4991
0.049
0.000219354
0.000219368
87
#72
4991
0.096
0.000219375
0.0002194
87
#73
4991
0.146
0.00021932
0.000219512
87
#74
4991
0.198
0.000218918
0.000219018
87
#75
4991
0.302
0.000218847
0.000219093
87
#76
4991
0.399
0.000218862
0.000219123
87
#77
4991
0.499
0.000218959
0.000219311
87
#78
4991
0.609
0.00021888
0.000219313
87
#79
4991
0.704
0.000218744
0.000219357
87
#80
4991
0.802
0.000218887
0.000219317
87
#81
4991
0.904
0.000218737
0.000219371
87
#82
4991
1.015
0.000218812
0.000219472
87
#83
4991
1.501
0.000218731
0.000219721
87
#84
4991
1.995
0.000218615
0.000219827
87
#85
4991
2.513
0.000218339
0.000220068
87
#86
4991
3.018
0.000218293
0.000220132
87
#87
4991
3.507
0.000218226
0.000220211
87
#88
4991
4.022
0.00021818
0.0002204
87
#89
4991
4.408
0.00021801
0.000220478
87
#90
4991
5.04
0.000217786
0.00022071
87
#91
4991
5.514
0.000217712
0.000220874
87
#92
4991
5.97
0.000217706
0.000220886
87
#93
4991
6.516
0.000217514
0.000221114
87
#94
4991
7.03
0.00021754
0.000221226
87
#95
4991
7.47
0.00021746
0.000221328
87
#96
4891
8
0.000217376
0.000221554
87
#97
4891
8.5
0.00021728
0.000221568
87
#98
4891
9
0.000217141
0.000221732
87
#99
4891
9.49
0.000217145
0.000221794
87
#100
4891
9.95
0.000217047
0.000221992
87
#101
4991
0.45
0.000218159
0.000218225
80
#102
4991
0.107
0.000218004
0.000218243
80
#103
4991
0.151
0.000218088
0.000218247
80
#104
4991
0.205
0.000218156
0.000218242
80
#105
4991
0.313
0.000218134
0.000218374
80
#106
4991
0.396
0.000218091
0.000218455
80
#107
4991
0.496
0.000218018
0.000218387
80
#108
4991
0.602
0.000218111
0.00021856
80
#109
4991
0.712
0.000217959
0.000218616
80
#110
4991
0.796
0.000218017
0.000218554
80
#111
4991
0.897
0.000217956
0.000218613
80
#112
4991
1.02
0.000217911
0.00021865
80
#113
4991
1.512
0.000217748
0.000218856
80
#114
4991
2.023
0.000217723
0.000218942
80
#115
4991
2.508
0.000217661
0.000219144
80
#116
4991
3.08
0.000217395
0.000219304
80
#117
4991
3.49
0.000217318
0.000219427
80
#118
4991
3.968
0.000217255
0.00021946
80
#119
4991
4.501
0.000217218
0.00021971
80
#120
4991
4.99
0.000217043
0.000219762
80
#121
4991
5.545
0.00021686
0.000219917
80
#122
4991
5.978
0.000216872
0.000220107
80
#123
4991
6.503
0.000216748
0.000220281
80
#124
4991
7.001
0.00021662
0.000220296
80
#125
4991
7.56
0.000216587
0.000220499
80
#126
4991
8.002
0.000216444
0.000220601
80
#127
4891
8.517
0.000216434
0.000220619
80
#128
4991
9.02
0.000216265
0.00022076
80
#129
4891
9.48
0.000216306
0.000220937
80
#130
4891
10.03
0.000216102
0.000221029
80
#131
2091
0.067
0.000225335
0.000225419
80
#132
2091
0.1
0.000225309
0.000225401
80
#133
2091
0.16
0.000225283
0.000225403
80
#134
2091
0.207
0.000225183
0.00022534
80
#135
2091
0.31
0.000225277
0.000225504
80
#136
2091
0.425
0.000225212
0.000225449
80
#137
2091
0.512
0.00022518
0.000225622
80
#138
2091
0.57
0.000225154
0.000225642
80
#139
2091
0.715
0.0002251
0.000225744
80
#140
2091
0.806
0.000225145
0.000225796
80
#141
1991
0.931
0.00022512
0.000225862
80
#142
1991
1.17
0.000225092
0.000225885
80
#143
1991
1.5
0.000224991
0.00022607
80
#144
1991
2.121
0.000224843
0.000226202
80
#145
1991
2.6
0.00022473
0.000226312
80
#146
1991
3.11
0.000224587
0.000226463
80
#147
1991
3.55
0.000224528
0.000226664
80
#148
1991
4.07
0.000224329
0.000226733
80
#149
1991
5.16
0.000224138
0.00022708
80
#150
2091
6.31
0.000223715
0.000227312
80
#151
2091
7.09
0.000223473
0.000227388
80
#152
2091
8.11
0.000223409
0.000227622
80
#153
2091
9.34
0.000223098
0.000227914
80
#154
2091
10.49
0.000222704
0.000228005
80
#155
4910
0.054
0.000230428
0.000230475
93
#156
4910
0.106
0.000230374
0.000230563
93
#157
4910
0.154
0.000230525
0.000230589
93
#158
5910
0.219
0.000230584
0.000230673
93
#159
4910
0.308
0.000230619
0.000230725
93
#160
4910
0.426
0.000230551
0.000230817
93
#161
4910
0.515
0.000230536
0.000230928
93
#162
4910
0.624
0.000230415
0.000230878
93
#163
4910
0.713
0.000230523
0.000230922
93
#164
4910
0.904
0.000230472
0.000231084
93
#165
4910
1.018
0.000230435
0.000231208
93
#166
4910
1.58
0.000230259
0.000231405
93
#167
4910
2.014
0.000230204
0.000231564
93
#168
4910
2.622
0.000229913
0.000231723
93
#169
4910
3.137
0.000229883
0.000231831
93
#170
4910
3.59
0.000229729
0.000231997
93
#171
4910
4.157
0.000229591
0.000232107
93
#172
5910
5.129
0.000229242
0.000232359
93
#173
5910
5.956
0.000228831
0.000232452
93
#174
5910
7.31
0.000228592
0.000232599
93
#175
6910
8.15
0.000228271
0.00023273
93
#176
6910
9.29
0.000227868
0.000232931
93
#177
7910
10.21
0.00022762
0.000232883
93
#178
5910
0.062
0.00022844
0.000228572
80
#179
5910
0.117
0.000228523
0.000228526
80
#180
5910
0.153
0.000228524
0.000228544
80
#181
5910
0.211
0.000229051
0.000229069
80
#182
5910
0.313
0.000228868
0.000229141
80
#183
5910
0.416
0.000229015
0.000229267
80
#184
5910
0.499
0.000228908
0.000229374
80
#185
5910
0.629
0.000228972
0.00022942
80
#186
5910
0.722
0.00022893
0.000229411
80
#187
5910
0.825
0.000228927
0.00022958
80
#188
5910
0.906
0.000228982
0.000229542
80
#189
5910
1.09
0.000228951
0.000229699
80
#190
5910
1.58
0.000228792
0.000229849
80
#191
5910
1.995
0.000228561
0.000230011
80
#192
5910
2.537
0.000228423
0.0002302
80
#193
4910
3.11
0.000228381
0.000230357
80
#194
4910
3.57
0.000228188
0.000230479
80
#195
5910
4.38
0.000227988
0.000230647
80
#196
5910
5.16
0.00022775
0.000230883
80
#197
5910
6.18
0.00022737
0.000231023
80
#198
5910
7.15
0.000227083
0.00023117
80
#199
6910
8.19
0.000226779
0.000231213
80
#200
6910
9.19
0.000226482
0.000231399
80
#201
7910
9.98
0.000226206
0.000231483
80
#202
2960
0.044
0.000215556
0.000215562
90
#203
2970
0.08
0.000224406
0.000224462
90
#204
2970
0.122
0.000224295
0.00022444
90
#205
2960
0.194
0.000224237
0.00022451
90
#206
2980
0.335
0.000224342
0.000224606
90
#207
2980
0.436
0.000224288
0.000224643
90
#208
2980
0.576
0.000224217
0.000224657
90
#209
2980
0.826
0.000224224
0.000224846
90
#210
2980
1.263
0.000224156
0.000225009
90
#211
2990
1.746
0.000223984
0.000225161
90
#212
2990
2.265
0.000223887
0.000225317
90
#213
2990
2.703
0.000223731
0.000225455
90
#214
2990
3.217
0.000223529
0.000225553
90
#215
2990
3.702
0.000223481
0.000225784
90
#216
2990
4.302
0.00022335
0.000225909
90
#217
2980
4.838
0.00022323
0.000226079
90
#218
2990
5.314
0.000223145
0.000226146
90
#219
2980
5.709
0.000222988
0.000226285
90
#220
2990
6.225
0.000222903
0.000226376
90
#221
2980
6.814
0.000222772
0.000226533
90
#222
2980
7.219
0.000222689
0.000226577
90
#223
2970
7.528
0.000222694
0.000226655
90
#224
2970
8.235
0.000222562
0.000226781
90
#225
2970
8.718
0.000222533
0.00022691
90
#226
2960
9.31
0.00022241
0.000226999
90
#227
2960
9.71
0.000222432
0.000227154
90
#228
2950
10.24
0.000222302
0.000227222
90
#229
3410
0.012
0.000223028
0.000223067
90
#230
3440
0.077
0.000222918
0.000222993
90
#231
3450
0.122
0.000222836
0.000222875
90
#232
3460
0.206
0.000223114
0.00022326
90
#233
3470
0.307
0.000223131
0.000223419
90
#234
3470
0.41
0.00022318
0.00022349
90
#235
3480
0.523
0.000223027
0.000223488
90
#236
3480
0.803
0.000222933
0.000223608
90
#237
3490
1.23
0.000222919
0.000223752
90
#238
3490
1.83
0.000222789
0.000223995
90
#239
3490
2.204
0.000222658
0.000224025
90
#240
3490
2.699
0.000222546
0.000224266
90
#241
3490
3.195
0.000222404
0.000224311
90
#242
3490
3.708
0.000222304
0.000224509
90
#243
3490
4.295
0.000222028
0.000224643
90
#244
3480
4.81
0.000222043
0.000224816
90
#245
3490
5.312
0.000221921
0.000224909
90
#246
3480
5.732
0.000221786
0.000224996
90
#247
3470
6.217
0.00022178
0.000225142
90
#248
3470
6.825
0.000221557
0.000225227
90
#249
3460
7.211
0.000221526
0.00022541
90
#250
3460
7.533
0.000221543
0.000225466
90
#251
3460
8.248
0.000221381
0.00022558
90
#252
3450
8.706
0.000221265
0.000225713
90
#253
3440
9.32
0.000221268
0.000225979
90
#254
3430
9.75
0.000221232
0.000225974
90
#255
3430
10.23
0.000221131
0.000226046
90
#256
2960
0.044
0.000215556
0.000215562
90
#257
2970
0.08
0.000224406
0.000224462
90
#258
2970
0.122
0.000224295
0.00022444
90
#259
2960
0.194
0.000224237
0.00022451
90
#260
2980
0.335
0.000224342
0.000224606
90
#261
2980
0.436
0.000224288
0.000224643
90
#262
2980
0.576
0.000224217
0.000224657
90
#263
2980
0.826
0.000224224
0.000224846
90
#264
2980
1.263
0.000224156
0.000225009
90
#265
2990
1.746
0.000223984
0.000225161
90
#266
2990
2.265
0.000223887
0.000225317
90
#267
2990
2.703
0.000223731
0.000225455
90
#268
2990
3.217
0.000223529
0.000225553
90
#269
2990
3.702
0.000223481
0.000225784
90
#270
2990
4.302
0.00022335
0.000225909
90
#271
2980
4.838
0.00022323
0.000226079
90
#272
2990
5.314
0.000223145
0.000226146
90
#273
2980
5.709
0.000222988
0.000226285
90
#274
2990
6.225
0.000222903
0.000226376
90
#275
2980
6.814
0.000222772
0.000226533
90
#276
2980
7.219
0.000222689
0.000226577
90
#277
2970
7.528
0.000222694
0.000226655
90
#278
2970
8.235
0.000222562
0.000226781
90
#279
2970
8.718
0.000222533
0.00022691
90
#280
2960
9.31
0.00022241
0.000226999
90
#281
2960
9.71
0.000222432
0.000227154
90
#282
2950
10.24
0.000222302
0.000227222
90
#283
3410
0.012
0.000223028
0.000223067
90
#284
3440
0.077
0.000222918
0.000222993
90
#285
3450
0.122
0.000222836
0.000222875
90
#286
3460
0.206
0.000223114
0.00022326
90
#287
3470
0.307
0.000223131
0.000223419
90
#288
3470
0.41
0.00022318
0.00022349
90
#289
3480
0.523
0.000223027
0.000223488
90
#290
3480
0.803
0.000222933
0.000223608
90
#291
3490
1.23
0.000222919
0.000223752
90
#292
3490
1.83
0.000222789
0.000223995
90
#293
3490
2.204
0.000222658
0.000224025
90
#294
3490
2.699
0.000222546
0.000224266
90
#295
3490
3.195
0.000222404
0.000224311
90
#296
3490
3.708
0.000222304
0.000224509
90
#297
3490
4.295
0.000222028
0.000224643
90
#298
3480
4.81
0.000222043
0.000224816
90
#299
3490
5.312
0.000221921
0.000224909
90
#300
3480
5.732
0.000221786
0.000224996
90
#301
3470
6.217
0.00022178
0.000225142
90
#302
3470
6.825
0.000221557
0.000225227
90
#303
3460
7.211
0.000221526
0.00022541
90
#304
3460
7.533
0.000221543
0.000225466
90
#305
3460
8.248
0.000221381
0.00022558
90
#306
3450
8.706
0.000221265
0.000225713
90
#307
3440
9.32
0.000221268
0.000225979
90
#308
3430
9.75
0.000221232
0.000225974
90
#309
3430
10.23
0.000221131
0.000226046
90
#310
3990
0.016
0.000220195
0.000220216
90
#311
3990
0.083
0.000220148
0.00022029
90
#312
3990
0.121
0.000220247
0.000220345
90
#313
3990
0.208
0.000221139
0.000221299
90
#314
3990
0.32
0.000221763
0.000221935
90
#315
3990
0.406
0.000221783
0.000222173
90
#316
3990
0.511
0.000221816
0.000222122
90
#317
3990
0.81
0.000221762
0.000222268
90
#318
3990
1.225
0.00022162
0.000222489
90
#319
3990
1.845
0.000221496
0.000222698
90
#320
3990
2.204
0.000221448
0.000222847
90
#321
3990
2.735
0.000221295
0.000222938
90
#322
3990
3.241
0.000221122
0.000223172
90
#323
3990
3.703
0.000221122
0.000223172
90
#324
3990
4.319
0.000220896
0.000223428
90
#325
3980
4.799
0.000220893
0.000223566
90
#326
3980
5.306
0.000220724
0.000223721
90
#327
3980
5.711
0.000220661
0.000223876
90
#328
3970
6.202
0.000220573
0.000223967
90
#329
3970
6.8
0.000220551
0.000224089
90
#330
3960
7.207
0.00022045
0.00022408
90
#331
3950
7.506
0.000220402
0.000224254
90
#332
3930
8.239
0.00022029
0.000224465
90
#333
3920
8.709
0.000220253
0.000224548
90
#334
3920
9.33
0.000220038
0.000224659
90
#335
3910
9.72
0.000220107
0.000224848
90
#336
3890
10.23
0.000220089
0.000224971
90
#337
1520
0.011
0.000227682
0.000227608
90
#338
1520
0.078
0.000227682
0.000227608
90
#339
1480
0.122
0.000228142
0.000228274
90
#340
1480
0.2
0.000228263
0.000228379
90
#341
1480
0.297
0.000228133
0.000228471
90
#342
1470
0.401
0.000228135
0.000228476
90
#343
1470
0.509
0.000228248
0.000228547
90
#344
1470
0.824
0.000228099
0.000228686
90
#345
1480
1.23
0.000228049
0.0002289
90
#346
1470
1.813
0.000227927
0.0002291
90
#347
1470
2.22
0.000227734
0.000229174
90
#348
1460
2.73
0.000227653
0.000229377
90
#349
1470
3.22
0.000227515
0.000229596
90
#350
1470
3.717
0.000227356
0.000229618
90
#351
1470
4.313
0.000227254
0.000229854
90
#352
1470
4.807
0.000226952
0.00022995
90
#353
1480
2.295
0.000226882
0.00023008
90
#354
1490
5.687
0.000226783
0.000230101
90
#355
1490
6.244
0.00022656
0.000230197
90
#356
1510
6.825
0.000226419
0.000230322
90
#357
1510
7.244
0.000226308
0.000230387
90
#358
1520
7.538
0.000226226
0.000230476
90
#359
1550
8.184
0.000226182
0.000230541
90
#360
1560
8.724
0.000225952
0.000230629
90
#361
1560
9.34
0.000225934
0.00023066
90
#362
1560
9.73
0.000225934
0.00023066
90
#363
1570
10.21
0.000225731
0.000230823
90
#364
970
0.028
0.000229024
0.00022924
90
#365
970
0.087
0.000228969
0.000229059
90
#366
970
0.125
0.000228926
0.000229162
90
#367
970
0.217
0.000229041
0.000229128
90
#368
970
0.304
0.00022952
0.000229658
90
#369
960
0.423
0.000229393
0.000229719
90
#370
960
0.512
0.000229441
0.000229858
90
#371
960
0.85
0.000229364
0.000229991
90
#372
960
1.268
0.000229333
0.000230092
90
#373
950
1.88
0.000228946
0.000230351
90
#374
950
2.33
0.000228929
0.000230563
90
#375
960
2.742
0.000228873
0.000230667
90
#376
950
3.427
0.000228655
0.000230869
90
#377
960
3.684
0.000228559
0.000230808
90
#378
960
4.418
0.000228378
0.000230993
90
#379
960
4.933
0.00022816
0.000231257
90
#380
960
5.391
0.000228031
0.000231328
90
#381
970
5.729
0.000228025
0.000231444
90
#382
980
6.275
0.00022787
0.00023152
90
#383
990
6.89
0.000227725
0.000231608
90
#384
990
7.266
0.000227697
0.000231681
90
#385
990
7.491
0.000227578
0.000231601
90
#386
1010
8.397
0.000227292
0.000231866
90
#387
1020
8.661
0.000227369
0.000231846
90
#388
1040
9.26
0.000227147
0.000231986
90
#389
1050
9.72
0.000227108
0.000232073
90
#390
1060
10.21
0.000226859
0.000232035
90
#391
2890
0.086
0.000222976
0.000223124
80
#392
2891
0.122
0.000222921
0.000223117
80
#393
2960
0.212
0.000223221
0.000223369
80
#394
2960
0.427
0.000223132
0.000223454
80
#395
2960
0.908
0.000223028
0.000223665
80
#396
2970
1.824
0.000222766
0.000223904
80
#397
2970
2.393
0.000222621
0.000224152
80
#398
2970
3.33
0.000222378
0.000224407
80
#399
2970
4.366
0.00022205
0.000224692
80
#400
2960
5.56
0.000221813
0.000225029
80
#401
2960
6.43
0.000221643
0.000225218
80
#402
2950
7.71
0.000221466
0.0002255
80
#403
2930
8.856
0.000221236
0.000225743
80
#404
2920
9.73
0.000221162
0.000225997
80
#405
950
0.085
0.000228562
0.000228572
80
#406
950
0.122
0.000228497
0.000228502
80
#407
940
0.215
0.000228347
0.000228564
80
#408
950
0.332
0.000228299
0.000228591
80
#409
950
0.446
0.000228254
0.000228657
80
#410
950
0.648
0.000228309
0.000228737
80
#411
940
0.81
0.000228122
0.000228786
80
#412
940
1.304
0.000228093
0.000228906
80
#413
940
1.85
0.000227855
0.000229246
80
#414
950
2.166
0.00022785
0.00022932
80
#415
940
2.877
0.000227708
0.000229508
80
#416
940
3.27
0.000227617
0.000229639
80
#417
950
3.08
0.000227392
0.000229755
80
#418
950
4.355
0.000227257
0.000229919
80
#419
950
4.826
0.000226981
0.000230052
80
#420
960
5.325
0.000226866
0.00023013
80
#421
980
5.826
0.000226808
0.00023021
80
#422
980
6.267
0.000226714
0.000230345
80
#423
990
6.806
0.000226587
0.000230413
80
#424
990
7.287
0.000226353
0.000230482
80
#425
1010
7.58
0.000226339
0.000230453
80
#426
1020
8.44
0.000226162
0.000230502
80
#427
1030
8.723
0.00022603
0.000230593
80
#428
1050
9.42
0.000225901
0.000230722
80
#429
1060
9.78
0.000225858
0.000230823
80
#430
1070
10.36
0.000225674
0.000230891
80