:f
0.561
1.170
5.133
10.890
0.473
1.033
5.200
10.220
0.496
1.073
5.200
10.590
0.580
1.090
5.161
10.210
0.536
1.120
5.164
10.760
0.534
1.071
5.050
10.380
0.471
1.124
5.010
10.570
0.484
1.108
5.057
10.020
0.589
1.098
5.044
10.180
0.554
1.057
4.988
10.110
0.050
0.101
0.150
0.201
0.303
0.401
0.502
0.600
0.705
0.805
0.904
1.030
1.503
2.020
2.539
3.036
3.511
4.007
4.529
4.953
5.525
5.980
6.478
7.004
7.507
8.005
8.517
9.060
9.530
10.120
0.049
0.096
0.146
0.198
0.302
0.399
0.499
0.609
0.704
0.802
0.904
1.015
1.501
1.995
2.513
3.018
3.507
4.022
4.408
5.040
5.514
5.970
6.516
7.030
7.470
8.000
8.500
9.000
9.490
9.950
0.450
0.107
0.151
0.205
0.313
0.396
0.496
0.602
0.712
0.796
0.897
1.020
1.512
2.023
2.508
3.080
3.490
3.968
4.501
4.990
5.545
5.978
6.503
7.001
7.560
8.002
8.517
9.020
9.480
10.030
0.067
0.100
0.160
0.207
0.310
0.425
0.512
0.570
0.715
0.806
0.931
1.170
1.500
2.121
2.600
3.110
3.550
4.070
5.160
6.310
7.090
8.110
9.340
10.490
0.054
0.106
0.154
0.219
0.308
0.426
0.515
0.624
0.713
0.904
1.018
1.580
2.014
2.622
3.137
3.590
4.157
5.129
5.956
7.310
8.150
9.290
10.210
0.062
0.117
0.153
0.211
0.313
0.416
0.499
0.629
0.722
0.825
0.906
1.090
1.580
1.995
2.537
3.110
3.570
4.380
5.160
6.180
7.150
8.190
9.190
9.980
0.044
0.080
0.122
0.194
0.335
0.436
0.576
0.826
1.263
1.746
2.265
2.703
3.217
3.702
4.302
4.838
5.314
5.709
6.225
6.814
7.219
7.528
8.235
8.718
9.310
9.710
10.240
0.012
0.077
0.122
0.206
0.307
0.410
0.523
0.803
1.230
1.830
2.204
2.699
3.195
3.708
4.295
4.810
5.312
5.732
6.217
6.825
7.211
7.533
8.248
8.706
9.320
9.750
10.230
0.044
0.080
0.122
0.194
0.335
0.436
0.576
0.826
1.263
1.746
2.265
2.703
3.217
3.702
4.302
4.838
5.314
5.709
6.225
6.814
7.219
7.528
8.235
8.718
9.310
9.710
10.240
0.012
0.077
0.122
0.206
0.307
0.410
0.523
0.803
1.230
1.830
2.204
2.699
3.195
3.708
4.295
4.810
5.312
5.732
6.217
6.825
7.211
7.533
8.248
8.706
9.320
9.750
10.230
0.016
0.083
0.121
0.208
0.320
0.406
0.511
0.810
1.225
1.845
2.204
2.735
3.241
3.703
4.319
4.799
5.306
5.711
6.202
6.800
7.207
7.506
8.239
8.709
9.330
9.720
10.230
0.011
0.078
0.122
0.200
0.297
0.401
0.509
0.824
1.230
1.813
2.220
2.730
3.220
3.717
4.313
4.807
2.295
5.687
6.244
6.825
7.244
7.538
8.184
8.724
9.340
9.730
10.210
0.028
0.087
0.125
0.217
0.304
0.423
0.512
0.850
1.268
1.880
2.330
2.742
3.427
3.684
4.418
4.933
5.391
5.729
6.275
6.890
7.266
7.491
8.397
8.661
9.260
9.720
10.210
0.086
0.122
0.212
0.427
0.908
1.824
2.393
3.330
4.366
5.560
6.430
7.710
8.856
9.730
0.085
0.122
0.215
0.332
0.446
0.648
0.810
1.304
1.850
2.166
2.877
3.270
3.080
4.355
4.826
5.325
5.826
6.267
6.806
7.287
7.580
8.440
8.723
9.420
9.780
10.360
:w
0.000219892800
0.000219764300
0.000218866400
0.000218222600
0.000218394100
0.000218310700
0.000217227400
0.000216661100
0.000218125100
0.000219061200
0.000218101500
0.000217569700
0.000225596700
0.000227057800
0.000225967900
0.000225031300
0.000225647200
0.000225429000
0.000224359400
0.000223185600
0.000226394900
0.000226296200
0.000225177000
0.000224223300
0.000226868800
0.000226646300
0.000225571500
0.000224396700
0.000230510800
0.000230475700
0.000229433100
0.000228055200
0.000228610500
0.000228924300
0.000227893600
0.000226517700
0.000229983500
0.000229819000
0.000228813900
0.000227349900
0.000219305200
0.000219316300
0.000219195300
0.000219310900
0.000219568600
0.000219546500
0.000219592300
0.000219432100
0.000219489100
0.000219493500
0.000219466900
0.000219485000
0.000219413100
0.000219146200
0.000219088300
0.000218922900
0.000218871900
0.000218769200
0.000218631800
0.000218515300
0.000218448700
0.000218312200
0.000218298100
0.000218192800
0.000218086400
0.000218066800
0.000217954800
0.000217906900
0.000217779800
0.000217728800
0.000219353600
0.000219375400
0.000219320000
0.000218918200
0.000218847500
0.000218862400
0.000218959300
0.000218880000
0.000218744400
0.000218887300
0.000218737300
0.000218812400
0.000218731300
0.000218614900
0.000218338600
0.000218293000
0.000218225700
0.000218179900
0.000218009700
0.000217785800
0.000217712300
0.000217706200
0.000217513900
0.000217540100
0.000217459700
0.000217376200
0.000217279900
0.000217140800
0.000217145500
0.000217046900
0.000218159200
0.000218004300
0.000218087800
0.000218155800
0.000218134500
0.000218091500
0.000218018200
0.000218111100
0.000217959500
0.000218017100
0.000217955600
0.000217911400
0.000217747900
0.000217722700
0.000217661300
0.000217394700
0.000217318000
0.000217255300
0.000217218000
0.000217043300
0.000216860100
0.000216872200
0.000216747900
0.000216619600
0.000216587300
0.000216443800
0.000216433600
0.000216264800
0.000216305800
0.000216101800
0.000225335000
0.000225309400
0.000225282900
0.000225183500
0.000225277000
0.000225212400
0.000225179900
0.000225153700
0.000225099800
0.000225144900
0.000225119600
0.000225091600
0.000224990600
0.000224843100
0.000224730200
0.000224587200
0.000224528400
0.000224329100
0.000224138500
0.000223715000
0.000223472700
0.000223409200
0.000223098400
0.000222704200
0.000230427800
0.000230374400
0.000230525200
0.000230584300
0.000230619200
0.000230551500
0.000230535800
0.000230414900
0.000230522600
0.000230471900
0.000230434600
0.000230259100
0.000230203800
0.000229912600
0.000229883200
0.000229728600
0.000229590600
0.000229242200
0.000228830600
0.000228592400
0.000228271000
0.000227867900
0.000227619900
0.000228440500
0.000228523300
0.000228524100
0.000229050700
0.000228868000
0.000229015100
0.000228908200
0.000228971800
0.000228929600
0.000228926800
0.000228981600
0.000228951200
0.000228792300
0.000228561300
0.000228423000
0.000228381200
0.000228187700
0.000227988500
0.000227750200
0.000227369900
0.000227083200
0.000226779200
0.000226481700
0.000226206500
0.000215556100
0.000224405900
0.000224295500
0.000224236600
0.000224342400
0.000224287800
0.000224217400
0.000224223900
0.000224156400
0.000223984300
0.000223887000
0.000223731100
0.000223528800
0.000223481200
0.000223349900
0.000223229700
0.000223145100
0.000222988400
0.000222902800
0.000222772500
0.000222688900
0.000222694100
0.000222562400
0.000222533000
0.000222410000
0.000222431900
0.000222302100
0.000223028400
0.000222917800
0.000222835900
0.000223114500
0.000223131400
0.000223180500
0.000223027300
0.000222932600
0.000222919000
0.000222789300
0.000222658500
0.000222546100
0.000222403700
0.000222304000
0.000222028300
0.000222042900
0.000221921400
0.000221785700
0.000221780200
0.000221557000
0.000221526500
0.000221542900
0.000221381400
0.000221265100
0.000221268100
0.000221232000
0.000221130900
0.000215556100
0.000224405900
0.000224295500
0.000224236600
0.000224342400
0.000224287800
0.000224217400
0.000224223900
0.000224156400
0.000223984300
0.000223887000
0.000223731100
0.000223528800
0.000223481200
0.000223349900
0.000223229700
0.000223145100
0.000222988400
0.000222902800
0.000222772500
0.000222688900
0.000222694100
0.000222562400
0.000222533000
0.000222410000
0.000222431900
0.000222302100
0.000223028400
0.000222917800
0.000222835900
0.000223114500
0.000223131400
0.000223180500
0.000223027300
0.000222932600
0.000222919000
0.000222789300
0.000222658500
0.000222546100
0.000222403700
0.000222304000
0.000222028300
0.000222042900
0.000221921400
0.000221785700
0.000221780200
0.000221557000
0.000221526500
0.000221542900
0.000221381400
0.000221265100
0.000221268100
0.000221232000
0.000221130900
0.000220194600
0.000220147800
0.000220246900
0.000221139300
0.000221763400
0.000221782900
0.000221816500
0.000221761700
0.000221620400
0.000221496000
0.000221447700
0.000221295300
0.000221122200
0.000221122200
0.000220896000
0.000220892600
0.000220723600
0.000220660800
0.000220573300
0.000220550800
0.000220450100
0.000220401900
0.000220289600
0.000220253300
0.000220037700
0.000220106800
0.000220089200
0.000227682000
0.000227682000
0.000228142300
0.000228263300
0.000228132900
0.000228134700
0.000228247900
0.000228099400
0.000228049300
0.000227927000
0.000227734100
0.000227653300
0.000227514600
0.000227355600
0.000227254400
0.000226951600
0.000226881900
0.000226783000
0.000226560100
0.000226419200
0.000226308500
0.000226225900
0.000226181900
0.000225952200
0.000225934300
0.000225934300
0.000225730600
0.000229023800
0.000228968900
0.000228926400
0.000229041300
0.000229519900
0.000229392600
0.000229440600
0.000229364500
0.000229333400
0.000228946400
0.000228928600
0.000228873000
0.000228655100
0.000228558900
0.000228378000
0.000228160100
0.000228031000
0.000228024600
0.000227869900
0.000227725400
0.000227697400
0.000227578100
0.000227291900
0.000227369300
0.000227146900
0.000227108200
0.000226858600
0.000222976400
0.000222921300
0.000223220600
0.000223132100
0.000223027600
0.000222765800
0.000222621400
0.000222378400
0.000222049700
0.000221812900
0.000221643200
0.000221466500
0.000221236500
0.000221162500
0.000228561600
0.000228497200
0.000228347400
0.000228299200
0.000228254500
0.000228308800
0.000228122300
0.000228093200
0.000227854900
0.000227849800
0.000227707700
0.000227616800
0.000227392300
0.000227256800
0.000226981200
0.000226865800
0.000226807600
0.000226714300
0.000226586800
0.000226352800
0.000226338900
0.000226162100
0.000226029900
0.000225901500
0.000225858500
0.000225673900
:a
0.000220328700
0.000220614400
0.000221751100
0.000223191400
0.000218854200
0.000219005600
0.000220173500
0.000221369300
0.000218487800
0.000219852100
0.000221005000
0.000222412200
0.000226074900
0.000227855000
0.000229088700
0.000230087500
0.000225926600
0.000226166100
0.000227380200
0.000228388800
0.000226844600
0.000227017700
0.000228269100
0.000229328400
0.000227234600
0.000227440100
0.000228547100
0.000229665700
0.000230933800
0.000231222700
0.000232403100
0.000233283700
0.000229046000
0.000229746000
0.000230985100
0.000231783900
0.000230389900
0.000230657100
0.000231814100
0.000232532800
0.000219240600
0.000219264300
0.000219285500
0.000219410500
0.000219787400
0.000219839700
0.000219898100
0.000219959700
0.000220055800
0.000220019600
0.000220187400
0.000220169000
0.000220330600
0.000220505500
0.000220685100
0.000220825500
0.000220963300
0.000221066000
0.000221275900
0.000221464600
0.000221583000
0.000221718300
0.000221785300
0.000221853800
0.000222166900
0.000222307300
0.000222442400
0.000222450700
0.000222497500
0.000222715000
0.000219368200
0.000219400000
0.000219512100
0.000219018400
0.000219093500
0.000219122800
0.000219310800
0.000219312600
0.000219356800
0.000219317000
0.000219371300
0.000219472100
0.000219721400
0.000219827200
0.000220067900
0.000220131900
0.000220210800
0.000220400400
0.000220477800
0.000220709600
0.000220874300
0.000220886200
0.000221114400
0.000221226400
0.000221328500
0.000221553700
0.000221568400
0.000221731900
0.000221794500
0.000221992400
0.000218225300
0.000218242900
0.000218246900
0.000218242000
0.000218374400
0.000218454600
0.000218386600
0.000218560200
0.000218615900
0.000218554300
0.000218612700
0.000218649800
0.000218855800
0.000218941600
0.000219144300
0.000219304100
0.000219427000
0.000219460200
0.000219710500
0.000219761700
0.000219917000
0.000220106800
0.000220281000
0.000220296300
0.000220499300
0.000220600600
0.000220618800
0.000220760100
0.000220936900
0.000221028700
0.000225419400
0.000225401300
0.000225403400
0.000225340400
0.000225504200
0.000225449200
0.000225622500
0.000225641700
0.000225743800
0.000225796000
0.000225862100
0.000225884700
0.000226070400
0.000226202200
0.000226312100
0.000226462600
0.000226664100
0.000226733200
0.000227080400
0.000227311900
0.000227387800
0.000227622000
0.000227914500
0.000228005000
0.000230475300
0.000230562700
0.000230588600
0.000230673000
0.000230724600
0.000230816700
0.000230928500
0.000230878100
0.000230922200
0.000231083600
0.000231208300
0.000231405300
0.000231563600
0.000231723300
0.000231831000
0.000231997100
0.000232106600
0.000232359100
0.000232452400
0.000232598900
0.000232730200
0.000232931000
0.000232882800
0.000228572500
0.000228525900
0.000228543600
0.000229069500
0.000229140700
0.000229267100
0.000229374200
0.000229420500
0.000229411500
0.000229580400
0.000229541900
0.000229699500
0.000229848600
0.000230011000
0.000230199900
0.000230357200
0.000230478600
0.000230647300
0.000230883400
0.000231022700
0.000231169900
0.000231213500
0.000231399400
0.000231483300
0.000215562100
0.000224462300
0.000224439800
0.000224509700
0.000224606500
0.000224643400
0.000224657000
0.000224845700
0.000225008900
0.000225160800
0.000225317500
0.000225454900
0.000225553000
0.000225784200
0.000225908800
0.000226079000
0.000226146300
0.000226285200
0.000226376400
0.000226532900
0.000226577100
0.000226654800
0.000226780600
0.000226909700
0.000226998900
0.000227154400
0.000227222500
0.000223066600
0.000222992700
0.000222874700
0.000223260100
0.000223419000
0.000223489700
0.000223488000
0.000223607600
0.000223752200
0.000223995400
0.000224025100
0.000224266500
0.000224311000
0.000224508800
0.000224642600
0.000224816300
0.000224909200
0.000224995700
0.000225142200
0.000225227400
0.000225409600
0.000225466500
0.000225580200
0.000225712900
0.000225979400
0.000225974000
0.000226045800
0.000215562100
0.000224462300
0.000224439800
0.000224509700
0.000224606500
0.000224643400
0.000224657000
0.000224845700
0.000225008900
0.000225160800
0.000225317500
0.000225454900
0.000225553000
0.000225784200
0.000225908800
0.000226079000
0.000226146300
0.000226285200
0.000226376400
0.000226532900
0.000226577100
0.000226654800
0.000226780600
0.000226909700
0.000226998900
0.000227154400
0.000227222500
0.000223066600
0.000222992700
0.000222874700
0.000223260100
0.000223419000
0.000223489700
0.000223488000
0.000223607600
0.000223752200
0.000223995400
0.000224025100
0.000224266500
0.000224311000
0.000224508800
0.000224642600
0.000224816300
0.000224909200
0.000224995700
0.000225142200
0.000225227400
0.000225409600
0.000225466500
0.000225580200
0.000225712900
0.000225979400
0.000225974000
0.000226045800
0.000220216500
0.000220289900
0.000220344600
0.000221298700
0.000221935500
0.000222172800
0.000222121800
0.000222267800
0.000222489400
0.000222698100
0.000222846700
0.000222938300
0.000223171900
0.000223171900
0.000223428500
0.000223566000
0.000223720700
0.000223876000
0.000223967500
0.000224089300
0.000224080000
0.000224254000
0.000224464700
0.000224548400
0.000224658700
0.000224848500
0.000224971200
0.000227607600
0.000227607600
0.000228274100
0.000228379500
0.000228470800
0.000228476300
0.000228547100
0.000228686200
0.000228900400
0.000229099800
0.000229174000
0.000229376800
0.000229596400
0.000229618400
0.000229854400
0.000229949800
0.000230080500
0.000230101400
0.000230197400
0.000230321600
0.000230386800
0.000230476500
0.000230540800
0.000230628900
0.000230659600
0.000230659600
0.000230822700
0.000229240400
0.000229059100
0.000229161600
0.000229128500
0.000229658400
0.000229719100
0.000229858000
0.000229991100
0.000230092500
0.000230351500
0.000230562600
0.000230667200
0.000230868800
0.000230807800
0.000230993200
0.000231256700
0.000231328500
0.000231443900
0.000231519800
0.000231607800
0.000231680900
0.000231601000
0.000231866100
0.000231846400
0.000231986000
0.000232073500
0.000232035000
0.000223123900
0.000223117300
0.000223369200
0.000223454300
0.000223665500
0.000223904300
0.000224151600
0.000224407300
0.000224692000
0.000225029200
0.000225218400
0.000225500100
0.000225742900
0.000225997400
0.000228571700
0.000228501700
0.000228563800
0.000228591100
0.000228656800
0.000228736900
0.000228786500
0.000228906400
0.000229246100
0.000229320500
0.000229508500
0.000229639100
0.000229755000
0.000229918700
0.000230051700
0.000230129900
0.000230210400
0.000230345400
0.000230412700
0.000230481800
0.000230452600
0.000230502100
0.000230593100
0.000230721900
0.000230823500
0.000230891400
:t
49.60
49.70
49.70
48.90
49.50
49.60
49.70
48.90
49.70
49.70
49.70
48.40
19.80
19.79
19.80
19.90
19.90
19.90
19.90
20.10
19.90
19.90
19.90
20.10
20.10
20.10
19.90
20.30
5.80
5.70
5.50
6.70
5.40
5.40
5.40
6.70
5.50
5.50
5.40
6.30
48.91
49.91
49.91
49.91
49.91
49.91
49.91
49.91
49.91
49.91
49.91
49.91
49.91
49.91
49.91
49.91
49.91
49.91
49.91
49.91
49.91
49.91
49.91
49.91
49.91
48.91
48.91
48.91
48.91
48.91
49.91
49.91
49.91
49.91
49.91
49.91
49.91
49.91
49.91
49.91
49.91
49.91
49.91
49.91
49.91
49.91
49.91
49.91
49.91
49.91
49.91
49.91
49.91
49.91
49.91
48.91
48.91
48.91
48.91
48.91
49.91
49.91
49.91
49.91
49.91
49.91
49.91
49.91
49.91
49.91
49.91
49.91
49.91
49.91
49.91
49.91
49.91
49.91
49.91
49.91
49.91
49.91
49.91
49.91
49.91
49.91
48.91
49.91
48.91
48.91
20.91
20.91
20.91
20.91
20.91
20.91
20.91
20.91
20.91
20.91
19.91
19.91
19.91
19.91
19.91
19.91
19.91
19.91
19.91
20.91
20.91
20.91
20.91
20.91
49.10
49.10
49.10
59.10
49.10
49.10
49.10
49.10
49.10
49.10
49.10
49.10
49.10
49.10
49.10
49.10
49.10
59.10
59.10
59.10
69.10
69.10
79.10
59.10
59.10
59.10
59.10
59.10
59.10
59.10
59.10
59.10
59.10
59.10
59.10
59.10
59.10
59.10
49.10
49.10
59.10
59.10
59.10
59.10
69.10
69.10
79.10
29.60
29.70
29.70
29.60
29.80
29.80
29.80
29.80
29.80
29.90
29.90
29.90
29.90
29.90
29.90
29.80
29.90
29.80
29.90
29.80
29.80
29.70
29.70
29.70
29.60
29.60
29.50
34.10
34.40
34.50
34.60
34.70
34.70
34.80
34.80
34.90
34.90
34.90
34.90
34.90
34.90
34.90
34.80
34.90
34.80
34.70
34.70
34.60
34.60
34.60
34.50
34.40
34.30
34.30
29.60
29.70
29.70
29.60
29.80
29.80
29.80
29.80
29.80
29.90
29.90
29.90
29.90
29.90
29.90
29.80
29.90
29.80
29.90
29.80
29.80
29.70
29.70
29.70
29.60
29.60
29.50
34.10
34.40
34.50
34.60
34.70
34.70
34.80
34.80
34.90
34.90
34.90
34.90
34.90
34.90
34.90
34.80
34.90
34.80
34.70
34.70
34.60
34.60
34.60
34.50
34.40
34.30
34.30
39.90
39.90
39.90
39.90
39.90
39.90
39.90
39.90
39.90
39.90
39.90
39.90
39.90
39.90
39.90
39.80
39.80
39.80
39.70
39.70
39.60
39.50
39.30
39.20
39.20
39.10
38.90
15.20
15.20
14.80
14.80
14.80
14.70
14.70
14.70
14.80
14.70
14.70
14.60
14.70
14.70
14.70
14.70
14.80
14.90
14.90
15.10
15.10
15.20
15.50
15.60
15.60
15.60
15.70
9.70
9.70
9.70
9.70
9.70
9.60
9.60
9.60
9.60
9.50
9.50
9.60
9.50
9.60
9.60
9.60
9.60
9.70
9.80
9.90
9.90
9.90
10.10
10.20
10.40
10.50
10.60
28.90
28.91
29.60
29.60
29.60
29.70
29.70
29.70
29.70
29.60
29.60
29.50
29.30
29.20
9.50
9.50
9.40
9.50
9.50
9.50
9.40
9.40
9.40
9.50
9.40
9.40
9.50
9.50
9.50
9.60
9.80
9.80
9.90
9.90
10.10
10.20
10.30
10.50
10.60
10.70
:o
93
93
93
93
80
80
80
80
87
87
87
87
93
93
93
93
80
80
80
80
87
87
87
87
90
90
90
90
93
93
93
93
80
80
80
80
87
87
87
87
93
93
93
93
93
93
93
93
93
93
93
93
93
93
93
93
93
93
93
93
93
93
93
93
93
93
93
93
93
93
87
87
87
87
87
87
87
87
87
87
87
87
87
87
87
87
87
87
87
87
87
87
87
87
87
87
87
87
87
87
80
80
80
80
80
80
80
80
80
80
80
80
80
80
80
80
80
80
80
80
80
80
80
80
80
80
80
80
80
80
80
80
80
80
80
80
80
80
80
80
80
80
80
80
80
80
80
80
80
80
80
80
80
80
93
93
93
93
93
93
93
93
93
93
93
93
93
93
93
93
93
93
93
93
93
93
93
80
80
80
80
80
80
80
80
80
80
80
80
80
80
80
80
80
80
80
80
80
80
80
80
90
90
90
90
90
90
90
90
90
90
90
90
90
90
90
90
90
90
90
90
90
90
90
90
90
90
90
90
90
90
90
90
90
90
90
90
90
90
90
90
90
90
90
90
90
90
90
90
90
90
90
90
90
90
90
90
90
90
90
90
90
90
90
90
90
90
90
90
90
90
90
90
90
90
90
90
90
90
90
90
90
90
90
90
90
90
90
90
90
90
90
90
90
90
90
90
90
90
90
90
90
90
90
90
90
90
90
90
90
90
90
90
90
90
90
90
90
90
90
90
90
90
90
90
90
90
90
90
90
90
90
90
90
90
90
90
90
90
90
90
90
90
90
90
90
90
90
90
90
90
90
90
90
90
90
90
90
90
90
90
90
90
90
90
90
90
90
90
90
90
90
90
90
90
90
90
90
90
90
90
90
90
90
90
90
90
90
90
90
80
80
80
80
80
80
80
80
80
80
80
80
80
80
80
80
80
80
80
80
80
80
80
80
80
80
80
80
80
80
80
80
80
80
80
80
80
80
80
80
