=430
#1
4960
0.561
0.000219893
0.000220329
#2
4970
1.17
0.000219764
0.000220614
#3
4970
5.133
0.000218866
0.000221751
#4
4890
10.89
0.000218223
0.000223191
#5
4950
0.473
0.000218394
0.000218854
#6
4960
1.033
0.000218311
0.000219006
#7
4970
5.2
0.000217227
0.000220173
#8
4890
10.22
0.000216661
0.000221369
#9
4970
0.496
0.000218125
0.000218488
#10
4970
1.073
0.000219061
0.000219852
#11
4970
5.2
0.000218101
0.000221005
#12
4840
10.59
0.00021757
0.000222412
#13
1980
0.58
0.000225597
0.000226075
#14
1979
1.09
0.000227058
0.000227855
#15
1980
5.161
0.000225968
0.000229089
#16
1990
10.21
0.000225031
0.000230087
#17
1990
0.536
0.000225647
0.000225927
#18
1990
1.12
0.000225429
0.000226166
#19
1990
5.164
0.000224359
0.00022738
#20
2010
10.76
0.000223186
0.000228389
#21
1990
0.534
0.000226395
0.000226845
#22
1990
1.071
0.000226296
0.000227018
#23
1990
5.05
0.000225177
0.000228269
#24
2010
10.38
0.000224223
0.000229328
#25
2010
0.471
0.000226869
0.000227235
#26
2010
1.124
0.000226646
0.00022744
#27
1990
5.01
0.000225571
0.000228547
#28
2030
10.57
0.000224397
0.000229666
#29
580
0.484
0.000230511
0.000230934
#30
570
1.108
0.000230476
0.000231223
#31
550
5.057
0.000229433
0.000232403
#32
670
10.02
0.000228055
0.000233284
#33
540
0.589
0.00022861
0.000229046
#34
540
1.098
0.000228924
0.000229746
#35
540
5.044
0.000227894
0.000230985
#36
670
10.18
0.000226518
0.000231784
#37
550
0.554
0.000229983
0.00023039
#38
550
1.057
0.000229819
0.000230657
#39
540
4.988
0.000228814
0.000231814
#40
630
10.11
0.00022735
0.000232533
#41
4891
0.05
0.000219305
0.000219241
#42
4991
0.101
0.000219316
0.000219264
#43
4991
0.15
0.000219195
0.000219285
#44
4991
0.201
0.000219311
0.00021941
#45
4991
0.303
0.000219569
0.000219787
#46
4991
0.401
0.000219546
0.00021984
#47
4991
0.502
0.000219592
0.000219898
#48
4991
0.6
0.000219432
0.00021996
#49
4991
0.705
0.000219489
0.000220056
#50
4991
0.805
0.000219493
0.00022002
#51
4991
0.904
0.000219467
0.000220187
#52
4991
1.03
0.000219485
0.000220169
#53
4991
1.503
0.000219413
0.000220331
#54
4991
2.02
0.000219146
0.000220505
#55
4991
2.539
0.000219088
0.000220685
#56
4991
3.036
0.000218923
0.000220825
#57
4991
3.511
0.000218872
0.000220963
#58
4991
4.007
0.000218769
0.000221066
#59
4991
4.529
0.000218632
0.000221276
#60
4991
4.953
0.000218515
0.000221465
#61
4991
5.525
0.000218449
0.000221583
#62
4991
5.98
0.000218312
0.000221718
#63
4991
6.478
0.000218298
0.000221785
#64
4991
7.004
0.000218193
0.000221854
#65
4991
7.507
0.000218086
0.000222167
#66
4891
8.005
0.000218067
0.000222307
#67
4891
8.517
0.000217955
0.000222442
#68
4891
9.06
0.000217907
0.000222451
#69
4891
9.53
0.00021778
0.000222497
#70
4891
10.12
0.000217729
0.000222715
#71
4991
0.049
0.000219354
0.000219368
#72
4991
0.096
0.000219375
0.0002194
#73
4991
0.146
0.00021932
0.000219512
#74
4991
0.198
0.000218918
0.000219018
#75
4991
0.302
0.000218847
0.000219093
#76
4991
0.399
0.000218862
0.000219123
#77
4991
0.499
0.000218959
0.000219311
#78
4991
0.609
0.00021888
0.000219313
#79
4991
0.704
0.000218744
0.000219357
#80
4991
0.802
0.000218887
0.000219317
#81
4991
0.904
0.000218737
0.000219371
#82
4991
1.015
0.000218812
0.000219472
#83
4991
1.501
0.000218731
0.000219721
#84
4991
1.995
0.000218615
0.000219827
#85
4991
2.513
0.000218339
0.000220068
#86
4991
3.018
0.000218293
0.000220132
#87
4991
3.507
0.000218226
0.000220211
#88
4991
4.022
0.00021818
0.0002204
#89
4991
4.408
0.00021801
0.000220478
#90
4991
5.04
0.000217786
0.00022071
#91
4991
5.514
0.000217712
0.000220874
#92
4991
5.97
0.000217706
0.000220886
#93
4991
6.516
0.000217514
0.000221114
#94
4991
7.03
0.00021754
0.000221226
#95
4991
7.47
0.00021746
0.000221328
#96
4891
8
0.000217376
0.000221554
#97
4891
8.5
0.00021728
0.000221568
#98
4891
9
0.000217141
0.000221732
#99
4891
9.49
0.000217145
0.000221794
#100
4891
9.95
0.000217047
0.000221992
#101
4991
0.45
0.000218159
0.000218225
#102
4991
0.107
0.000218004
0.000218243
#103
4991
0.151
0.000218088
0.000218247
#104
4991
0.205
0.000218156
0.000218242
#105
4991
0.313
0.000218134
0.000218374
#106
4991
0.396
0.000218091
0.000218455
#107
4991
0.496
0.000218018
0.000218387
#108
4991
0.602
0.000218111
0.00021856
#109
4991
0.712
0.000217959
0.000218616
#110
4991
0.796
0.000218017
0.000218554
#111
4991
0.897
0.000217956
0.000218613
#112
4991
1.02
0.000217911
0.00021865
#113
4991
1.512
0.000217748
0.000218856
#114
4991
2.023
0.000217723
0.000218942
#115
4991
2.508
0.000217661
0.000219144
#116
4991
3.08
0.000217395
0.000219304
#117
4991
3.49
0.000217318
0.000219427
#118
4991
3.968
0.000217255
0.00021946
#119
4991
4.501
0.000217218
0.00021971
#120
4991
4.99
0.000217043
0.000219762
#121
4991
5.545
0.00021686
0.000219917
#122
4991
5.978
0.000216872
0.000220107
#123
4991
6.503
0.000216748
0.000220281
#124
4991
7.001
0.00021662
0.000220296
#125
4991
7.56
0.000216587
0.000220499
#126
4991
8.002
0.000216444
0.000220601
#127
4891
8.517
0.000216434
0.000220619
#128
4991
9.02
0.000216265
0.00022076
#129
4891
9.48
0.000216306
0.000220937
#130
4891
10.03
0.000216102
0.000221029
#131
2091
0.067
0.000225335
0.000225419
#132
2091
0.1
0.000225309
0.000225401
#133
2091
0.16
0.000225283
0.000225403
#134
2091
0.207
0.000225183
0.00022534
#135
2091
0.31
0.000225277
0.000225504
#136
2091
0.425
0.000225212
0.000225449
#137
2091
0.512
0.00022518
0.000225622
#138
2091
0.57
0.000225154
0.000225642
#139
2091
0.715
0.0002251
0.000225744
#140
2091
0.806
0.000225145
0.000225796
#141
1991
0.931
0.00022512
0.000225862
#142
1991
1.17
0.000225092
0.000225885
#143
1991
1.5
0.000224991
0.00022607
#144
1991
2.121
0.000224843
0.000226202
#145
1991
2.6
0.00022473
0.000226312
#146
1991
3.11
0.000224587
0.000226463
#147
1991
3.55
0.000224528
0.000226664
#148
1991
4.07
0.000224329
0.000226733
#149
1991
5.16
0.000224138
0.00022708
#150
2091
6.31
0.000223715
0.000227312
#151
2091
7.09
0.000223473
0.000227388
#152
2091
8.11
0.000223409
0.000227622
#153
2091
9.34
0.000223098
0.000227914
#154
2091
10.49
0.000222704
0.000228005
#155
4910
0.054
0.000230428
0.000230475
#156
4910
0.106
0.000230374
0.000230563
#157
4910
0.154
0.000230525
0.000230589
#158
5910
0.219
0.000230584
0.000230673
#159
4910
0.308
0.000230619
0.000230725
#160
4910
0.426
0.000230551
0.000230817
#161
4910
0.515
0.000230536
0.000230928
#162
4910
0.624
0.000230415
0.000230878
#163
4910
0.713
0.000230523
0.000230922
#164
4910
0.904
0.000230472
0.000231084
#165
4910
1.018
0.000230435
0.000231208
#166
4910
1.58
0.000230259
0.000231405
#167
4910
2.014
0.000230204
0.000231564
#168
4910
2.622
0.000229913
0.000231723
#169
4910
3.137
0.000229883
0.000231831
#170
4910
3.59
0.000229729
0.000231997
#171
4910
4.157
0.000229591
0.000232107
#172
5910
5.129
0.000229242
0.000232359
#173
5910
5.956
0.000228831
0.000232452
#174
5910
7.31
0.000228592
0.000232599
#175
6910
8.15
0.000228271
0.00023273
#176
6910
9.29
0.000227868
0.000232931
#177
7910
10.21
0.00022762
0.000232883
#178
5910
0.062
0.00022844
0.000228572
#179
5910
0.117
0.000228523
0.000228526
#180
5910
0.153
0.000228524
0.000228544
#181
5910
0.211
0.000229051
0.000229069
#182
5910
0.313
0.000228868
0.000229141
#183
5910
0.416
0.000229015
0.000229267
#184
5910
0.499
0.000228908
0.000229374
#185
5910
0.629
0.000228972
0.00022942
#186
5910
0.722
0.00022893
0.000229411
#187
5910
0.825
0.000228927
0.00022958
#188
5910
0.906
0.000228982
0.000229542
#189
5910
1.09
0.000228951
0.000229699
#190
5910
1.58
0.000228792
0.000229849
#191
5910
1.995
0.000228561
0.000230011
#192
5910
2.537
0.000228423
0.0002302
#193
4910
3.11
0.000228381
0.000230357
#194
4910
3.57
0.000228188
0.000230479
#195
5910
4.38
0.000227988
0.000230647
#196
5910
5.16
0.00022775
0.000230883
#197
5910
6.18
0.00022737
0.000231023
#198
5910
7.15
0.000227083
0.00023117
#199
6910
8.19
0.000226779
0.000231213
#200
6910
9.19
0.000226482
0.000231399
#201
7910
9.98
0.000226206
0.000231483
#202
2960
0.044
0.000215556
0.000215562
#203
2970
0.08
0.000224406
0.000224462
#204
2970
0.122
0.000224295
0.00022444
#205
2960
0.194
0.000224237
0.00022451
#206
2980
0.335
0.000224342
0.000224606
#207
2980
0.436
0.000224288
0.000224643
#208
2980
0.576
0.000224217
0.000224657
#209
2980
0.826
0.000224224
0.000224846
#210
2980
1.263
0.000224156
0.000225009
#211
2990
1.746
0.000223984
0.000225161
#212
2990
2.265
0.000223887
0.000225317
#213
2990
2.703
0.000223731
0.000225455
#214
2990
3.217
0.000223529
0.000225553
#215
2990
3.702
0.000223481
0.000225784
#216
2990
4.302
0.00022335
0.000225909
#217
2980
4.838
0.00022323
0.000226079
#218
2990
5.314
0.000223145
0.000226146
#219
2980
5.709
0.000222988
0.000226285
#220
2990
6.225
0.000222903
0.000226376
#221
2980
6.814
0.000222772
0.000226533
#222
2980
7.219
0.000222689
0.000226577
#223
2970
7.528
0.000222694
0.000226655
#224
2970
8.235
0.000222562
0.000226781
#225
2970
8.718
0.000222533
0.00022691
#226
2960
9.31
0.00022241
0.000226999
#227
2960
9.71
0.000222432
0.000227154
#228
2950
10.24
0.000222302
0.000227222
#229
3410
0.012
0.000223028
0.000223067
#230
3440
0.077
0.000222918
0.000222993
#231
3450
0.122
0.000222836
0.000222875
#232
3460
0.206
0.000223114
0.00022326
#233
3470
0.307
0.000223131
0.000223419
#234
3470
0.41
0.00022318
0.00022349
#235
3480
0.523
0.000223027
0.000223488
#236
3480
0.803
0.000222933
0.000223608
#237
3490
1.23
0.000222919
0.000223752
#238
3490
1.83
0.000222789
0.000223995
#239
3490
2.204
0.000222658
0.000224025
#240
3490
2.699
0.000222546
0.000224266
#241
3490
3.195
0.000222404
0.000224311
#242
3490
3.708
0.000222304
0.000224509
#243
3490
4.295
0.000222028
0.000224643
#244
3480
4.81
0.000222043
0.000224816
#245
3490
5.312
0.000221921
0.000224909
#246
3480
5.732
0.000221786
0.000224996
#247
3470
6.217
0.00022178
0.000225142
#248
3470
6.825
0.000221557
0.000225227
#249
3460
7.211
0.000221526
0.00022541
#250
3460
7.533
0.000221543
0.000225466
#251
3460
8.248
0.000221381
0.00022558
#252
3450
8.706
0.000221265
0.000225713
#253
3440
9.32
0.000221268
0.000225979
#254
3430
9.75
0.000221232
0.000225974
#255
3430
10.23
0.000221131
0.000226046
#256
2960
0.044
0.000215556
0.000215562
#257
2970
0.08
0.000224406
0.000224462
#258
2970
0.122
0.000224295
0.00022444
#259
2960
0.194
0.000224237
0.00022451
#260
2980
0.335
0.000224342
0.000224606
#261
2980
0.436
0.000224288
0.000224643
#262
2980
0.576
0.000224217
0.000224657
#263
2980
0.826
0.000224224
0.000224846
#264
2980
1.263
0.000224156
0.000225009
#265
2990
1.746
0.000223984
0.000225161
#266
2990
2.265
0.000223887
0.000225317
#267
2990
2.703
0.000223731
0.000225455
#268
2990
3.217
0.000223529
0.000225553
#269
2990
3.702
0.000223481
0.000225784
#270
2990
4.302
0.00022335
0.000225909
#271
2980
4.838
0.00022323
0.000226079
#272
2990
5.314
0.000223145
0.000226146
#273
2980
5.709
0.000222988
0.000226285
#274
2990
6.225
0.000222903
0.000226376
#275
2980
6.814
0.000222772
0.000226533
#276
2980
7.219
0.000222689
0.000226577
#277
2970
7.528
0.000222694
0.000226655
#278
2970
8.235
0.000222562
0.000226781
#279
2970
8.718
0.000222533
0.00022691
#280
2960
9.31
0.00022241
0.000226999
#281
2960
9.71
0.000222432
0.000227154
#282
2950
10.24
0.000222302
0.000227222
#283
3410
0.012
0.000223028
0.000223067
#284
3440
0.077
0.000222918
0.000222993
#285
3450
0.122
0.000222836
0.000222875
#286
3460
0.206
0.000223114
0.00022326
#287
3470
0.307
0.000223131
0.000223419
#288
3470
0.41
0.00022318
0.00022349
#289
3480
0.523
0.000223027
0.000223488
#290
3480
0.803
0.000222933
0.000223608
#291
3490
1.23
0.000222919
0.000223752
#292
3490
1.83
0.000222789
0.000223995
#293
3490
2.204
0.000222658
0.000224025
#294
3490
2.699
0.000222546
0.000224266
#295
3490
3.195
0.000222404
0.000224311
#296
3490
3.708
0.000222304
0.000224509
#297
3490
4.295
0.000222028
0.000224643
#298
3480
4.81
0.000222043
0.000224816
#299
3490
5.312
0.000221921
0.000224909
#300
3480
5.732
0.000221786
0.000224996
#301
3470
6.217
0.00022178
0.000225142
#302
3470
6.825
0.000221557
0.000225227
#303
3460
7.211
0.000221526
0.00022541
#304
3460
7.533
0.000221543
0.000225466
#305
3460
8.248
0.000221381
0.00022558
#306
3450
8.706
0.000221265
0.000225713
#307
3440
9.32
0.000221268
0.000225979
#308
3430
9.75
0.000221232
0.000225974
#309
3430
10.23
0.000221131
0.000226046
#310
3990
0.016
0.000220195
0.000220216
#311
3990
0.083
0.000220148
0.00022029
#312
3990
0.121
0.000220247
0.000220345
#313
3990
0.208
0.000221139
0.000221299
#314
3990
0.32
0.000221763
0.000221935
#315
3990
0.406
0.000221783
0.000222173
#316
3990
0.511
0.000221816
0.000222122
#317
3990
0.81
0.000221762
0.000222268
#318
3990
1.225
0.00022162
0.000222489
#319
3990
1.845
0.000221496
0.000222698
#320
3990
2.204
0.000221448
0.000222847
#321
3990
2.735
0.000221295
0.000222938
#322
3990
3.241
0.000221122
0.000223172
#323
3990
3.703
0.000221122
0.000223172
#324
3990
4.319
0.000220896
0.000223428
#325
3980
4.799
0.000220893
0.000223566
#326
3980
5.306
0.000220724
0.000223721
#327
3980
5.711
0.000220661
0.000223876
#328
3970
6.202
0.000220573
0.000223967
#329
3970
6.8
0.000220551
0.000224089
#330
3960
7.207
0.00022045
0.00022408
#331
3950
7.506
0.000220402
0.000224254
#332
3930
8.239
0.00022029
0.000224465
#333
3920
8.709
0.000220253
0.000224548
#334
3920
9.33
0.000220038
0.000224659
#335
3910
9.72
0.000220107
0.000224848
#336
3890
10.23
0.000220089
0.000224971
#337
1520
0.011
0.000227682
0.000227608
#338
1520
0.078
0.000227682
0.000227608
#339
1480
0.122
0.000228142
0.000228274
#340
1480
0.2
0.000228263
0.000228379
#341
1480
0.297
0.000228133
0.000228471
#342
1470
0.401
0.000228135
0.000228476
#343
1470
0.509
0.000228248
0.000228547
#344
1470
0.824
0.000228099
0.000228686
#345
1480
1.23
0.000228049
0.0002289
#346
1470
1.813
0.000227927
0.0002291
#347
1470
2.22
0.000227734
0.000229174
#348
1460
2.73
0.000227653
0.000229377
#349
1470
3.22
0.000227515
0.000229596
#350
1470
3.717
0.000227356
0.000229618
#351
1470
4.313
0.000227254
0.000229854
#352
1470
4.807
0.000226952
0.00022995
#353
1480
2.295
0.000226882
0.00023008
#354
1490
5.687
0.000226783
0.000230101
#355
1490
6.244
0.00022656
0.000230197
#356
1510
6.825
0.000226419
0.000230322
#357
1510
7.244
0.000226308
0.000230387
#358
1520
7.538
0.000226226
0.000230476
#359
1550
8.184
0.000226182
0.000230541
#360
1560
8.724
0.000225952
0.000230629
#361
1560
9.34
0.000225934
0.00023066
#362
1560
9.73
0.000225934
0.00023066
#363
1570
10.21
0.000225731
0.000230823
#364
970
0.028
0.000229024
0.00022924
#365
970
0.087
0.000228969
0.000229059
#366
970
0.125
0.000228926
0.000229162
#367
970
0.217
0.000229041
0.000229128
#368
970
0.304
0.00022952
0.000229658
#369
960
0.423
0.000229393
0.000229719
#370
960
0.512
0.000229441
0.000229858
#371
960
0.85
0.000229364
0.000229991
#372
960
1.268
0.000229333
0.000230092
#373
950
1.88
0.000228946
0.000230351
#374
950
2.33
0.000228929
0.000230563
#375
960
2.742
0.000228873
0.000230667
#376
950
3.427
0.000228655
0.000230869
#377
960
3.684
0.000228559
0.000230808
#378
960
4.418
0.000228378
0.000230993
#379
960
4.933
0.00022816
0.000231257
#380
960
5.391
0.000228031
0.000231328
#381
970
5.729
0.000228025
0.000231444
#382
980
6.275
0.00022787
0.00023152
#383
990
6.89
0.000227725
0.000231608
#384
990
7.266
0.000227697
0.000231681
#385
990
7.491
0.000227578
0.000231601
#386
1010
8.397
0.000227292
0.000231866
#387
1020
8.661
0.000227369
0.000231846
#388
1040
9.26
0.000227147
0.000231986
#389
1050
9.72
0.000227108
0.000232073
#390
1060
10.21
0.000226859
0.000232035
#391
2890
0.086
0.000222976
0.000223124
#392
2890
0.122
0.000222921
0.000223117
#393
2960
0.212
0.000223221
0.000223369
#394
2960
0.427
0.000223132
0.000223454
#395
2960
0.908
0.000223028
0.000223665
#396
2970
1.824
0.000222766
0.000223904
#397
2970
2.393
0.000222621
0.000224152
#398
2970
3.33
0.000222378
0.000224407
#399
2970
4.366
0.00022205
0.000224692
#400
2960
5.56
0.000221813
0.000225029
#401
2960
6.43
0.000221643
0.000225218
#402
2950
7.71
0.000221466
0.0002255
#403
2930
8.856
0.000221236
0.000225743
#404
2920
9.73
0.000221162
0.000225997
#405
950
0.085
0.000228562
0.000228572
#406
950
0.122
0.000228497
0.000228502
#407
940
0.215
0.000228347
0.000228564
#408
950
0.332
0.000228299
0.000228591
#409
950
0.446
0.000228254
0.000228657
#410
950
0.648
0.000228309
0.000228737
#411
940
0.81
0.000228122
0.000228786
#412
940
1.304
0.000228093
0.000228906
#413
940
1.85
0.000227855
0.000229246
#414
950
2.166
0.00022785
0.00022932
#415
940
2.877
0.000227708
0.000229508
#416
940
3.27
0.000227617
0.000229639
#417
950
3.08
0.000227392
0.000229755
#418
950
4.355
0.000227257
0.000229919
#419
950
4.826
0.000226981
0.000230052
#420
960
5.325
0.000226866
0.00023013
#421
980
5.826
0.000226808
0.00023021
#422
980
6.267
0.000226714
0.000230345
#423
990
6.806
0.000226587
0.000230413
#424
990
7.287
0.000226353
0.000230482
#425
1010
7.58
0.000226339
0.000230453
#426
1020
8.44
0.000226162
0.000230502
#427
1030
8.723
0.00022603
0.000230593
#428
1050
9.42
0.000225901
0.000230722
#429
1060
9.78
0.000225858
0.000230823
#430
1070
10.36
0.000225674
0.000230891