0.011 10.89 540 7910 80 93
0.011 1520 90
0.012 3410 90
0.016 3990 90
0.028 970 90
0.044 2960 90
0.049 4991 87
0.05 4891 93
0.054 4910 93
0.062 5910 80
0.067 2091 80
0.077 3440 90
0.078 1520 90
0.08 2970 90
0.083 3990 90
0.085 950 80
0.086 2890 80
0.087 970 90
0.096 4991 87
0.1 2091 80
0.101 4991 93
0.106 4910 93
0.107 4991 80
0.117 5910 80
0.121 3990 90
0.122 950 80
0.122 1480 90
0.122 2891 80
0.122 2970 90
0.122 3450 90
0.125 970 90
0.146 4991 87
0.15 4991 93
0.151 4991 80
0.153 5910 80
0.154 4910 93
0.16 2091 80
0.194 2960 90
0.198 4991 87
0.2 1480 90
0.201 4991 93
0.205 4991 80
0.206 3460 90
0.207 2091 80
0.208 3990 90
0.211 5910 80
0.212 2960 80
0.215 940 80
0.217 970 90
0.219 5910 93
0.297 1480 90
0.302 4991 87
0.303 4991 93
0.304 970 90
0.307 3470 90
0.308 4910 93
0.31 2091 80
0.313 4991 80
0.313 5910 80
0.32 3990 90
0.332 950 80
0.335 2980 90
0.396 4991 80
0.399 4991 87
0.401 1470 90
0.401 4991 93
0.406 3990 90
0.41 3470 90
0.416 5910 80
0.423 960 90
0.425 2091 80
0.426 4910 93
0.427 2960 80
0.436 2980 90
0.446 950 80
0.45 4991 80
0.471 2010 90
0.473 4950 80
0.484 580 93
0.496 4970 87
0.496 4991 80
0.499 4991 87
0.499 5910 80
0.502 4991 93
0.509 1470 90
0.511 3990 90
0.512 960 90
0.512 2091 80
0.515 4910 93
0.523 3480 90
0.534 1990 87
0.536 1990 80
0.554 550 87
0.561 4960 93
0.57 2091 80
0.576 2980 90
0.58 1980 93
0.589 540 80
0.6 4991 93
0.602 4991 80
0.609 4991 87
0.624 4910 93
0.629 5910 80
0.648 950 80
0.704 4991 87
0.705 4991 93
0.712 4991 80
0.713 4910 93
0.715 2091 80
0.722 5910 80
0.796 4991 80
0.802 4991 87
0.803 3480 90
0.805 4991 93
0.806 2091 80
0.81 940 80
0.81 3990 90
0.824 1470 90
0.825 5910 80
0.826 2980 90
0.85 960 90
0.897 4991 80
0.904 4910 93
0.904 4991 87
0.906 5910 80
0.908 2960 80
0.931 1991 80
1.015 4991 87
1.018 4910 93
1.02 4991 80
1.03 4991 93
1.033 4960 80
1.057 550 87
1.071 1990 87
1.073 4970 87
1.09 1979 93
1.09 5910 80
1.098 540 80
1.108 570 93
1.12 1990 80
1.124 2010 90
1.17 1991 80
1.17 4970 93
1.225 3990 90
1.23 1480 90
1.23 3490 90
1.263 2980 90
1.268 960 90
1.304 940 80
1.5 1991 80
1.501 4991 87
1.503 4991 93
1.512 4991 80
1.58 4910 93
1.58 5910 80
1.746 2990 90
1.813 1470 90
1.824 2970 80
1.83 3490 90
1.845 3990 90
1.85 940 80
1.88 950 90
1.995 4991 87
1.995 5910 80
2.014 4910 93
2.02 4991 93
2.023 4991 80
2.121 1991 80
2.166 950 80
2.204 3490 90
2.204 3990 90
2.22 1470 90
2.265 2990 90
2.295 1480 90
2.33 950 90
2.393 2970 80
2.508 4991 80
2.513 4991 87
2.537 5910 80
2.539 4991 93
2.6 1991 80
2.622 4910 93
2.699 3490 90
2.703 2990 90
2.73 1460 90
2.735 3990 90
2.742 960 90
2.877 940 80
3.018 4991 87
3.036 4991 93
3.08 950 80
3.08 4991 80
3.11 1991 80
3.11 4910 80
3.137 4910 93
3.195 3490 90
3.217 2990 90
3.22 1470 90
3.241 3990 90
3.27 940 80
3.33 2970 80
3.427 950 90
3.49 4991 80
3.507 4991 87
3.511 4991 93
3.55 1991 80
3.57 4910 80
3.59 4910 93
3.684 960 90
3.702 2990 90
3.703 3990 90
3.708 3490 90
3.717 1470 90
3.968 4991 80
4.007 4991 93
4.022 4991 87
4.07 1991 80
4.157 4910 93
4.295 3490 90
4.302 2990 90
4.313 1470 90
4.319 3990 90
4.355 950 80
4.366 2970 80
4.38 5910 80
4.408 4991 87
4.418 960 90
4.501 4991 80
4.529 4991 93
4.799 3980 90
4.807 1470 90
4.81 3480 90
4.826 950 80
4.838 2980 90
4.933 960 90
4.953 4991 93
4.988 540 87
4.99 4991 80
5.01 1990 90
5.04 4991 87
5.044 540 80
5.05 1990 87
5.057 550 93
5.129 5910 93
5.133 4970 93
5.16 1991 80
5.16 5910 80
5.161 1980 93
5.164 1990 80
5.2 4970 87
5.306 3980 90
5.312 3490 90
5.314 2990 90
5.325 960 80
5.391 960 90
5.514 4991 87
5.525 4991 93
5.545 4991 80
5.56 2960 80
5.687 1490 90
5.709 2980 90
5.711 3980 90
5.729 970 90
5.732 3480 90
5.826 980 80
5.956 5910 93
5.97 4991 87
5.978 4991 80
5.98 4991 93
6.18 5910 80
6.202 3970 90
6.217 3470 90
6.225 2990 90
6.244 1490 90
6.267 980 80
6.275 980 90
6.31 2091 80
6.43 2960 80
6.478 4991 93
6.503 4991 80
6.516 4991 87
6.8 3970 90
6.806 990 80
6.814 2980 90
6.825 1510 90
6.825 3470 90
6.89 990 90
7.001 4991 80
7.004 4991 93
7.03 4991 87
7.09 2091 80
7.15 5910 80
7.207 3960 90
7.211 3460 90
7.219 2980 90
7.244 1510 90
7.266 990 90
7.287 990 80
7.31 5910 93
7.47 4991 87
7.491 990 90
7.506 3950 90
7.507 4991 93
7.528 2970 90
7.533 3460 90
7.538 1520 90
7.56 4991 80
7.58 1010 80
7.71 2950 80
8 4891 87
8.002 4991 80
8.005 4891 93
8.11 2091 80
8.15 6910 93
8.184 1550 90
8.19 6910 80
8.235 2970 90
8.239 3930 90
8.248 3460 90
8.397 1010 90
8.44 1020 80
8.5 4891 87
8.517 4891 80
8.661 1020 90
8.706 3450 90
8.709 3920 90
8.718 2970 90
8.723 1030 80
8.724 1560 90
8.856 2930 80
9 4891 87
9.02 4991 80
9.06 4891 93
9.19 6910 80
9.26 1040 90
9.29 6910 93
9.31 2960 90
9.32 3440 90
9.33 3920 90
9.34 1560 90
9.34 2091 80
9.42 1050 80
9.48 4891 80
9.49 4891 87
9.53 4891 93
9.71 2960 90
9.72 1050 90
9.72 3910 90
9.73 1560 90
9.73 2920 80
9.75 3430 90
9.78 1060 80
9.95 4891 87
9.98 7910 80
10.02 670 93
10.03 4891 80
10.11 630 87
10.12 4891 93
10.18 670 80
10.21 1060 90
10.21 1570 90
10.21 1990 93
10.21 7910 93
10.22 4890 80
10.23 3430 90
10.23 3890 90
10.24 2950 90
10.36 1070 80
10.38 2010 87
10.49 2091 80
10.57 2030 90
10.59 4840 87
10.76 2010 80
10.89 4890 93
