0011 1089 540 7910 80 93
0 980 10
1 2870 10
4 3450 10
17 430 10
32 2420 10
37 4451 7
39 4351 13
42 4370 13
50 5370 0
56 1551 0
65 2900 10
67 980 10
68 2430 10
71 3450 10
74 410 0
75 2350 0
75 430 10
85 4451 7
89 1551 0
89 4451 13
94 4370 13
96 4451 0
105 5370 0
109 3450 10
111 410 0
111 940 10
111 2351 0
111 2430 10
111 2910 10
114 430 10
134 4451 7
139 4451 13
139 4451 0
141 5370 0
142 4370 13
148 1551 0
183 2420 10
186 4451 7
189 940 10
190 4451 13
193 4451 0
195 2920 10
196 1551 0
197 3450 10
199 5370 0
200 2420 0
204 400 0
205 430 10
207 5370 13
285 940 10
290 4451 7
292 4451 13
292 430 10
296 2930 10
296 4370 13
299 1551 0
301 4451 0
301 5370 0
308 3450 10
320 410 0
324 2440 10
384 4451 0
387 4451 7
389 930 10
389 4451 13
394 3450 10
398 2930 10
405 5370 0
412 420 10
414 1551 0
414 4370 13
415 2420 0
424 2440 10
435 410 0
438 4451 0
459 1470 10
461 4410 0
472 40 13
484 4430 7
484 4451 0
488 4451 7
488 5370 0
490 4451 13
498 930 10
499 3450 10
501 420 10
501 1551 0
503 4370 13
512 2940 10
522 1450 7
525 1450 0
543 10 7
549 4420 13
558 1551 0
564 2440 10
568 1440 13
577 0 0
589 4451 13
590 4451 0
597 4451 7
613 4370 13
618 5370 0
637 410 0
692 4451 7
693 4451 13
701 4451 0
701 4370 13
703 1551 0
711 5370 0
785 4451 0
790 4451 7
791 2940 10
794 4451 13
794 1551 0
799 400 0
799 3450 10
813 930 10
813 5370 0
814 2440 10
839 420 10
886 4451 0
892 4370 13
892 4451 7
895 5370 0
896 2420 0
919 1451 0
1003 4451 7
1007 4370 13
1008 4451 0
1018 4451 13
1021 4420 0
1046 10 7
1059 1450 7
1061 4430 7
1079 1439 13
1079 5370 0
1087 0 0
1097 30 13
1109 1450 0
1112 1470 10
1158 1451 0
1158 4430 13
1214 3450 10
1219 940 10
1219 2950 10
1252 2440 10
1257 420 10
1293 400 0
1489 1451 0
1490 4451 7
1492 4451 13
1500 4451 0
1569 4370 13
1569 5370 0
1735 2450 10
1801 930 10
1813 2430 0
1819 2950 10
1834 3450 10
1839 400 0
1868 410 10
1984 4451 7
1984 5370 0
2002 4370 13
2008 4451 13
2012 4451 0
2110 1451 0
2154 410 0
2192 2950 10
2192 3450 10
2209 930 10
2253 2450 10
2284 940 10
2318 410 10
2381 2430 0
2496 4451 0
2502 4451 7
2525 5370 0
2528 4451 13
2588 1451 0
2610 4370 13
2687 2950 10
2692 2450 10
2719 920 10
2723 3450 10
2731 420 10
2866 400 0
3006 4451 7
3025 4451 13
3068 410 0
3068 4451 0
3098 1451 0
3098 4370 0
3126 4370 13
3183 2950 10
3206 2450 10
3209 930 10
3229 3450 10
3258 400 0
3318 2430 0
3416 410 10
3479 4451 0
3495 4451 7
3499 4451 13
3538 1451 0
3558 4370 0
3578 4370 13
3673 420 10
3690 2450 10
3692 3450 10
3696 2950 10
3706 930 10
3956 4451 0
3995 4451 13
4010 4451 7
4059 1451 0
4146 4370 13
4284 2950 10
4291 2450 10
4302 930 10
4307 3450 10
4344 410 0
4355 2430 0
4369 5370 0
4396 4451 7
4407 420 10
4489 4451 0
4517 4451 13
4787 3440 10
4796 930 10
4798 2940 10
4815 410 0
4826 2440 10
4922 420 10
4942 4451 13
4976 0 7
4978 4451 0
4999 1450 10
5028 4451 7
5033 0 0
5039 1450 7
5046 10 13
5118 5370 13
5121 4430 13
5148 1451 0
5148 5370 0
5149 1440 13
5153 1450 0
5188 4430 7
5294 3440 10
5300 2950 10
5303 2450 10
5313 420 0
5379 420 10
5502 4451 7
5514 4451 13
5534 4451 0
5548 2420 0
5675 950 10
5698 2440 10
5699 3440 10
5718 430 10
5720 2940 10
5815 440 0
5944 5370 13
5958 4451 7
5967 4451 0
5969 4451 13
6168 5370 0
6191 3430 10
6206 2930 10
6213 2450 10
6232 950 10
6256 440 0
6264 440 10
6298 1551 0
6418 2420 0
6467 4451 13
6491 4451 0
6504 4451 7
6789 3430 10
6794 450 0
6803 2440 10
6813 970 10
6813 2930 10
6878 450 10
6989 4451 0
6993 4451 13
7018 4451 7
7079 1551 0
7139 5370 0
7195 3420 10
7199 2920 10
7207 2440 10
7232 970 10
7254 450 10
7276 450 0
7298 5370 13
7458 4451 7
7480 450 10
7495 3410 10
7495 4451 13
7516 2430 10
7521 2920 10
7527 980 10
7548 4451 0
7568 470 0
7699 2410 0
7989 4351 7
7990 4451 0
7994 4351 13
8098 1551 0
8138 6370 13
8173 1010 10
8178 6370 0
8223 2430 10
8228 3390 10
8237 2920 10
8386 470 10
8428 480 0
8489 4351 7
8506 4351 0
8650 480 10
8695 2910 10
8697 3380 10
8707 2430 10
8711 490 0
8712 1020 10
8844 2390 0
8989 4351 7
9009 4451 0
9048 4351 13
9178 6370 0
9249 500 10
9278 6370 13
9298 2420 10
9308 2900 10
9318 3380 10
9329 1020 10
9329 1551 0
9409 510 0
9468 4351 0
9478 4351 7
9518 4351 13
9699 2420 10
9709 510 10
9709 3370 10
9718 1020 10
9718 2380 0
9739 2890 10
9768 520 0
9938 4351 7
9968 7370 0
10009 130 13
10018 4351 0
10098 90 7
10108 4351 13
10169 130 0
10199 520 10
10199 1030 10
10199 1450 13
10199 7370 13
10209 4350 0
10218 2890 10
10218 3350 10
10228 2410 10
10348 530 0
10369 1470 7
10478 1551 0
10558 1490 10
10579 4300 7
10749 1470 0
10879 4350 13
