11 108 5 73 80 13
0 9 10
0 28 10
0 34 10
0 4 10
0 24 10
0 44 7
0 43 13
0 43 13
0 53 0
0 15 0
0 29 10
0 9 10
0 24 10
0 34 10
0 4 0
0 23 0
0 4 10
0 44 7
0 15 0
0 44 13
0 43 13
0 44 0
1 53 0
1 34 10
1 4 0
1 9 10
1 23 0
1 24 10
1 29 10
1 4 10
1 44 7
1 44 13
1 44 0
1 53 0
1 43 13
1 15 0
1 24 10
1 44 7
1 9 10
1 44 13
1 44 0
1 29 10
1 15 0
1 34 10
1 53 0
2 24 0
2 4 0
2 4 10
2 53 13
2 9 10
2 44 7
2 44 13
2 4 10
2 29 10
2 43 13
2 15 0
3 44 0
3 53 0
3 34 10
3 4 0
3 24 10
3 44 0
3 44 7
3 9 10
3 44 13
3 34 10
3 29 10
4 53 0
4 4 10
4 15 0
4 43 13
4 24 0
4 24 10
4 4 0
4 44 0
4 14 10
4 44 0
4 0 13
4 44 7
4 44 0
4 44 7
4 53 0
4 44 13
4 9 10
4 34 10
5 4 10
5 15 0
5 43 13
5 29 10
5 14 7
5 14 0
5 0 7
5 44 13
5 15 0
5 24 10
5 14 13
5 0 0
5 44 13
5 44 0
5 44 7
6 43 13
6 53 0
6 4 0
6 44 7
6 44 13
7 44 0
7 43 13
7 15 0
7 53 0
7 44 0
7 44 7
7 29 10
7 44 13
7 15 0
7 4 0
7 34 10
8 9 10
8 53 0
8 24 10
8 4 10
8 44 0
8 43 13
8 44 7
8 53 0
8 24 0
9 14 0
10 44 7
10 43 13
10 44 0
10 44 13
10 44 0
10 0 7
10 14 7
10 44 7
10 14 13
10 53 0
10 0 0
10 0 13
11 14 0
11 14 10
11 14 0
11 44 13
12 34 10
12 9 10
12 29 10
12 24 10
12 4 10
12 4 0
14 14 0
14 44 7
14 44 13
15 44 0
15 43 13
15 53 0
17 24 10
18 9 10
18 24 0
18 29 10
18 34 10
18 4 0
18 4 10
19 44 7
19 53 0
20 43 13
20 44 13
20 44 0
21 14 0
21 4 0
21 29 10
21 34 10
22 9 10
22 24 10
22 9 10
23 4 10
23 24 0
24 44 0
25 44 7
25 53 0
25 44 13
25 14 0
26 43 13
26 29 10
26 24 10
27 9 10
27 34 10
27 4 10
28 4 0
30 44 7
30 44 13
30 4 0
30 44 0
30 14 0
30 43 0
31 43 13
31 29 10
32 24 10
32 9 10
32 34 10
32 4 0
33 24 0
34 4 10
34 44 0
34 44 7
34 44 13
35 14 0
35 43 0
35 43 13
36 4 10
36 24 10
36 34 10
36 29 10
37 9 10
39 44 0
39 44 13
40 44 7
40 14 0
41 43 13
42 29 10
42 24 10
43 9 10
43 34 10
43 4 0
43 24 0
43 53 0
43 44 7
44 4 10
44 44 0
45 44 13
47 34 10
47 9 10
47 29 10
48 4 0
48 24 10
49 4 10
49 44 13
49 0 7
49 44 0
49 14 10
50 44 7
50 0 0
50 14 7
50 0 13
51 53 13
51 44 13
51 14 0
51 53 0
51 14 13
51 14 0
51 44 7
52 34 10
53 29 10
53 24 10
53 4 0
53 4 10
55 44 7
55 44 13
55 44 0
55 24 0
56 9 10
56 24 10
56 34 10
57 4 10
57 29 10
58 4 0
59 53 13
59 44 7
59 44 0
59 44 13
61 53 0
61 34 10
62 29 10
62 24 10
62 9 10
62 4 0
62 4 10
62 15 0
64 24 0
64 44 13
64 44 0
65 44 7
67 34 10
67 4 0
68 24 10
68 9 10
68 29 10
68 4 10
69 44 0
69 44 13
70 44 7
70 15 0
71 53 0
71 34 10
71 29 10
72 24 10
72 9 10
72 4 10
72 4 0
72 53 13
74 44 7
74 4 10
74 34 10
74 44 13
75 24 10
75 29 10
75 9 10
75 44 0
75 4 0
76 24 0
79 43 7
79 44 0
79 43 13
80 15 0
81 63 13
81 10 10
81 63 0
82 24 10
82 33 10
82 29 10
83 4 10
84 4 0
84 43 7
85 43 0
86 4 10
86 29 10
86 33 10
87 24 10
87 4 0
87 10 10
88 23 0
89 43 7
90 44 0
90 43 13
91 63 0
92 5 10
92 63 13
92 24 10
93 29 10
93 33 10
93 10 10
93 15 0
94 5 0
94 43 0
94 43 7
95 43 13
96 24 10
97 5 10
97 33 10
97 10 10
97 23 0
97 28 10
97 5 0
99 43 7
99 73 0
100 1 13
100 43 0
100 0 7
101 43 13
101 1 0
101 5 10
101 10 10
101 14 13
101 73 13
102 43 0
102 28 10
102 33 10
102 24 10
103 5 0
103 14 7
104 15 0
105 14 10
105 43 7
107 14 0
108 43 13
