11 27 1 18 80 13
0 2 10
0 7 10
0 8 10
0 1 10
0 6 10
0 11 7
0 10 13
0 10 13
0 13 0
0 3 0
0 7 10
0 2 10
0 6 10
0 8 10
0 1 0
0 5 0
0 1 10
0 11 7
0 3 0
0 11 13
0 10 13
0 11 0
0 13 0
0 8 10
0 1 0
0 2 10
0 5 0
0 6 10
0 7 10
0 1 10
0 11 7
0 11 13
0 11 0
0 13 0
0 10 13
0 3 0
0 6 10
0 11 7
0 2 10
0 11 13
0 11 0
0 7 10
0 3 0
0 8 10
0 13 0
0 6 0
0 1 0
0 1 10
0 13 13
0 2 10
0 11 7
0 11 13
0 1 10
0 7 10
0 10 13
0 3 0
0 11 0
0 13 0
0 8 10
0 1 0
0 6 10
0 11 0
0 11 7
0 2 10
0 11 13
0 8 10
0 7 10
1 13 0
1 1 10
1 3 0
1 10 13
1 6 0
1 6 10
1 1 0
1 11 0
1 3 10
1 11 0
1 0 13
1 11 7
1 11 0
1 11 7
1 13 0
1 11 13
1 2 10
1 8 10
1 1 10
1 3 0
1 10 13
1 7 10
1 3 7
1 3 0
1 0 7
1 11 13
1 3 0
1 6 10
1 3 13
1 0 0
1 11 13
1 11 0
1 11 7
1 10 13
1 13 0
1 1 0
1 11 7
1 11 13
1 11 0
1 10 13
1 3 0
1 13 0
1 11 0
1 11 7
1 7 10
1 11 13
1 3 0
1 1 0
1 8 10
2 2 10
2 13 0
2 6 10
2 1 10
2 11 0
2 10 13
2 11 7
2 13 0
2 6 0
2 3 0
2 11 7
2 10 13
2 11 0
2 11 13
2 11 0
2 0 7
2 3 7
2 11 7
2 3 13
2 13 0
2 0 0
2 0 13
2 3 0
2 3 10
2 3 0
2 11 13
3 8 10
3 2 10
3 7 10
3 6 10
3 1 10
3 1 0
3 3 0
3 11 7
3 11 13
3 11 0
3 10 13
3 13 0
4 6 10
4 2 10
4 6 0
4 7 10
4 8 10
4 1 0
4 1 10
4 11 7
4 13 0
5 10 13
5 11 13
5 11 0
5 3 0
5 1 0
5 7 10
5 8 10
5 2 10
5 6 10
5 2 10
5 1 10
5 6 0
6 11 0
6 11 7
6 13 0
6 11 13
6 3 0
6 10 13
6 7 10
6 6 10
6 2 10
6 8 10
6 1 10
7 1 0
7 11 7
7 11 13
7 1 0
7 11 0
7 3 0
7 10 0
7 10 13
7 7 10
8 6 10
8 2 10
8 8 10
8 1 0
8 6 0
8 1 10
8 11 0
8 11 7
8 11 13
8 3 0
8 10 0
8 10 13
9 1 10
9 6 10
9 8 10
9 7 10
9 2 10
9 11 0
9 11 13
10 11 7
10 3 0
10 10 13
10 7 10
10 6 10
10 2 10
10 8 10
10 1 0
10 6 0
10 13 0
10 11 7
11 1 10
11 11 0
11 11 13
11 8 10
11 2 10
11 7 10
12 1 0
12 6 10
12 1 10
12 11 13
12 0 7
12 11 0
12 3 10
12 11 7
12 0 0
12 3 7
12 0 13
12 13 13
12 11 13
12 3 0
12 13 0
12 3 13
12 3 0
12 11 7
13 8 10
13 7 10
13 6 10
13 1 0
13 1 10
13 11 7
13 11 13
13 11 0
13 6 0
14 2 10
14 6 10
14 8 10
14 1 10
14 7 10
14 1 0
14 13 13
14 11 7
14 11 0
14 11 13
15 13 0
15 8 10
15 7 10
15 6 10
15 2 10
15 1 0
15 1 10
15 3 0
16 6 0
16 11 13
16 11 0
16 11 7
16 8 10
16 1 0
17 6 10
17 2 10
17 7 10
17 1 10
17 11 0
17 11 13
17 11 7
17 3 0
17 13 0
17 8 10
17 7 10
18 6 10
18 2 10
18 1 10
18 1 0
18 13 13
18 11 7
18 1 10
18 8 10
18 11 13
18 6 10
18 7 10
18 2 10
18 11 0
18 1 0
19 6 0
19 10 7
19 11 0
19 10 13
20 3 0
20 15 13
20 2 10
20 15 0
20 6 10
20 8 10
20 7 10
20 1 10
21 1 0
21 10 7
21 10 0
21 1 10
21 7 10
21 8 10
21 6 10
21 1 0
21 2 10
22 5 0
22 10 7
22 11 0
22 10 13
22 15 0
23 1 10
23 15 13
23 6 10
23 7 10
23 8 10
23 2 10
23 3 0
23 1 0
23 10 0
23 10 7
23 10 13
24 6 10
24 1 10
24 8 10
24 2 10
24 5 0
24 7 10
24 1 0
24 10 7
24 18 0
25 0 13
25 10 0
25 0 7
25 10 13
25 0 0
25 1 10
25 2 10
25 3 13
25 18 13
25 10 0
25 7 10
25 8 10
25 6 10
25 1 0
25 3 7
26 3 0
26 3 10
26 10 7
26 3 0
27 10 13
