0 9.3 8 9 0 8 0 8 9 9 0 0 9.3 0 8 0 0 0 0 0 
0 8.7 8 9 8 8 0 8 9 9 0 0 9.3 0 8 0 0 0 0 0 
0 8.7 8 9 8 9 0 9 9 9 0 0 9.3 0 8 0 0 0 0 0 
0 0 8 9 8 0 0 8 9 9 0 0 9.3 0 8 0 0 0 0 0 
0 0 8 9 8 0 0 8 9 9 0 0 9.3 0 0 0 0 0 0 0 
0 0 8 9 8 0 0 9 9 9 0 0 9.3 0 8 0 0 0 0 0 
0 0 8 9 8 0 0 8 9 9 0 0 8 0 0 0 0 0 0 0 
0 0 9 9 8 0 0 9 9 9 0 0 8 0 0 0 0 0 0 0 
0 0 8 9 8 0 0 8 9 9 0 0 9.3 0 8 0 0 0 0 0 
0 8.7 8 9 0 0 0 9 9 9 0 0 8 0 0 0 0 0 0 0 
0 8 8 0 8 0 0 9 9 9 0 0 8.7 0 8 0 0 0 0 0 
0 0 8 9 0 0 0 8 9 9 0 0 8 0 9.3 0 0 0 0 0 
0 0 8 9 0 8 0 8 9 9 0 0 9.3 0 8 0 0 0 0 0 
0 0 8 9 0 0 0 9 9 9 0 0 8 0 0 0 0 0 0 0 
0 0 8 9 0 8 0 9 9 9 0 0 8 0 8 0 0 0 0 0 
0 0 8 9 0 0 0 8 9 9 0 0 8 0 0 0 0 0 0 0 
0 0 8 9 0 8 0 9 9 9 0 0 8 0 0 0 0 8 0 0 
0 0 8 9 0 0 0 8 9 9 0 0 8 0 0 0 0 0 0 0 
0 0 8 9 0 8 0 9 9 9 0 0 8 0 0 0 0 8 0 0 
0 0 8 9 0 0 0 8 9 9 0 0 8.7 0 0 0 0 0 0 8 
